,E,S,D,H,C,A,RE,HR,AI,SER,P,F,T,EC
0,1,1.0,1,1,1,1.0,1,1,0.0,1,1,0,1,0
1,1,1.0,0,1,1,0.0,1,1,1.0,1,1,1,0,1
2,1,1.0,0,0,1,0.0,1,1,1.0,1,1,1,1,1
3,0,1.0,1,1,1,0.0,0,0,0.0,1,1,0,0,0
4,0,0.0,1,1,1,0.0,1,0,0.0,1,0,0,0,0
5,0,1.0,1,0,1,0.0,0,0,0.0,0,0,0,0,0
6,1,0.0,0,1,1,0.0,1,0,0.0,1,1,1,0,1
7,0,0.0,0,0,1,0.0,0,0,1.0,0,0,0,0,0
8,1,1.0,0,1,1,0.0,1,1,0.0,1,1,1,1,1
9,0,1.0,0,1,1,1.0,1,0,1.0,1,1,0,1,1
10,0,1.0,0,1,0,0.0,0,1,0.0,0,1,0,1,0
11,0,0.0,1,1,1,0.0,1,0,0.0,1,1,0,0,0
12,0,1.0,1,1,1,1.0,1,1,1.0,0,1,1,1,1
13,0,1.0,1,0,1,0.0,0,0,0.0,0,0,0,1,0
14,0,1.0,1,1,0,1.0,0,0,0.0,0,0,0,1,0
15,0,1.0,1,1,0,0.0,0,0,0.0,1,0,0,0,0
16,0,1.0,1,0,1,0.0,0,0,0.0,0,1,0,1,1
17,0,1.0,0,1,1,0.0,0,0,0.0,1,0,0,0,0
18,0,0.0,1,1,1,0.0,0,1,0.0,0,0,0,0,0
19,0,1.0,1,1,1,0.0,0,0,0.0,0,0,0,0,0
20,1,1.0,1,0,1,0.0,1,1,1.0,1,1,0,0,0
21,0,0.0,1,1,1,1.0,1,0,0.0,0,0,0,0,0
22,0,1.0,1,0,1,0.0,1,0,0.0,1,1,0,0,1
23,0,1.0,1,1,1,0.0,1,0,0.0,1,0,1,1,1
24,0,1.0,0,1,1,0.0,1,1,1.0,1,1,1,1,1
25,0,0.0,1,0,1,0.0,0,0,0.0,1,1,0,0,0
26,0,0.0,1,0,1,0.0,0,0,0.0,0,0,0,0,0
27,1,0.0,1,1,1,0.0,0,1,0.0,1,1,0,0,0
28,0,1.0,0,1,1,0.0,0,0,0.0,1,0,0,0,0
29,0,1.0,0,0,0,0.0,1,1,1.0,1,1,0,1,1
30,1,0.0,1,1,1,0.0,0,0,0.0,1,0,1,0,0
31,0,1.0,0,0,1,1.0,0,0,1.0,1,0,1,1,1
32,1,1.0,1,1,1,0.0,0,0,0.0,0,0,0,0,1
33,0,1.0,0,1,1,0.0,0,0,0.0,0,1,0,1,0
34,0,1.0,1,1,1,0.0,0,0,1.0,0,0,0,0,0
35,0,1.0,0,1,1,0.0,0,0,0.0,0,0,0,0,0
36,0,1.0,0,0,0,0.0,1,1,1.0,1,1,0,1,1
37,0,1.0,0,1,1,0.0,1,1,1.0,0,1,1,1,1
38,0,1.0,0,1,1,0.0,0,1,1.0,1,1,1,1,1
39,1,1.0,1,1,1,1.0,0,1,1.0,0,1,0,0,0
40,1,0.0,0,1,1,0.0,1,1,0.0,0,1,1,1,1
41,0,1.0,1,1,0,0.0,0,0,1.0,1,0,0,1,0
42,1,0.0,1,1,1,0.0,0,0,0.0,0,0,1,0,0
43,0,1.0,1,1,1,1.0,0,0,0.0,1,0,0,0,0
44,1,0.0,0,1,1,0.0,1,0,0.0,0,0,0,0,1
45,0,1.0,1,0,1,0.0,1,0,0.0,1,1,1,1,1
46,0,1.0,1,0,0,0.0,0,1,0.0,0,0,0,0,0
47,0,1.0,0,1,1,0.0,1,1,0.0,1,1,0,1,1
48,1,0.0,1,1,1,1.0,1,0,0.0,0,0,1,0,0
49,0,1.0,1,1,0,1.0,1,0,0.0,1,1,0,0,0
50,0,0.0,1,0,0,0.0,0,0,0.0,0,0,1,0,0
51,1,1.0,0,0,0,0.0,0,1,0.0,0,0,0,1,0
52,0,1.0,0,0,1,0.0,1,0,0.0,0,0,1,0,1
53,0,1.0,1,1,1,0.0,1,0,0.0,0,0,0,0,0
54,0,1.0,0,1,1,0.0,0,1,1.0,1,0,1,1,1
55,0,1.0,0,0,1,0.0,1,1,1.0,1,1,1,1,1
56,0,1.0,1,1,1,0.0,0,0,0.0,0,1,1,1,1
57,0,1.0,0,0,0,0.0,1,0,0.0,0,0,0,1,1
58,0,1.0,1,0,1,0.0,1,0,0.0,0,1,1,0,0
59,0,1.0,1,0,1,0.0,1,1,1.0,1,0,1,0,0
60,0,0.0,0,1,1,0.0,0,1,1.0,1,1,0,1,1
61,0,0.0,1,1,0,0.0,1,0,1.0,1,1,0,0,0
62,0,1.0,0,0,1,0.0,1,1,1.0,1,1,1,1,1
63,0,0.0,1,1,1,1.0,0,0,0.0,0,0,0,0,0
64,0,1.0,0,0,0,0.0,0,1,0.0,1,1,1,1,1
65,0,1.0,0,1,1,0.0,1,1,1.0,1,1,1,1,1
66,0,1.0,1,1,0,0.0,1,0,0.0,1,1,0,0,1
67,0,1.0,1,1,1,0.0,1,0,0.0,1,0,0,1,0
68,0,1.0,0,1,1,0.0,1,1,1.0,1,1,0,1,1
69,0,1.0,1,1,1,0.0,0,1,0.0,1,1,0,0,1
70,1,0.0,1,1,1,0.0,0,1,0.0,0,0,0,0,0
71,1,1.0,0,0,1,1.0,0,0,0.0,0,1,1,1,1
72,1,1.0,0,0,1,0.0,0,1,1.0,1,1,1,1,1
73,1,1.0,0,0,1,0.0,1,0,0.0,0,0,1,1,1
74,0,1.0,0,0,0,0.0,1,0,0.0,0,0,1,0,1
75,1,0.0,1,1,1,0.0,1,0,0.0,0,0,0,0,0
76,0,1.0,0,0,1,0.0,1,1,1.0,1,1,1,1,1
77,0,0.0,1,1,1,0.0,1,1,0.0,1,0,1,0,0
78,0,1.0,1,1,1,0.0,1,0,0.0,0,1,0,0,0
79,0,1.0,0,1,1,0.0,1,1,1.0,0,0,0,1,1
80,0,1.0,0,0,1,0.0,1,1,1.0,1,1,0,0,0
81,0,0.0,0,1,1,0.0,1,1,0.0,0,1,0,0,0
82,0,1.0,1,1,1,0.0,1,0,0.0,0,0,0,0,0
83,1,1.0,1,1,1,1.0,1,1,1.0,1,1,0,1,1
84,0,1.0,1,0,1,0.0,0,0,0.0,0,0,0,0,0
85,0,1.0,1,1,1,0.0,1,0,0.0,0,0,0,0,0
86,0,1.0,1,1,1,0.0,1,0,0.0,0,0,0,0,0
88,0,0.0,0,1,1,0.0,1,0,0.0,0,0,0,0,0
89,0,0.0,1,1,1,0.0,1,1,0.0,0,0,0,0,0
90,1,1.0,0,0,1,0.0,1,0,0.0,0,1,0,0,0
91,1,0.0,0,1,0,0.0,1,1,0.0,1,1,1,1,1
92,1,1.0,1,1,1,0.0,0,1,0.0,1,1,1,1,0
93,0,0.0,1,0,0,0.0,0,0,0.0,0,1,0,0,0
94,1,0.0,1,1,1,0.0,1,0,0.0,0,0,0,0,0
95,0,1.0,0,0,1,0.0,0,0,1.0,0,0,1,1,1
96,0,1.0,0,0,1,0.0,1,1,1.0,1,1,1,1,1
97,0,0.0,0,1,1,0.0,1,0,0.0,1,1,1,1,1
98,0,1.0,1,1,1,0.0,0,0,0.0,0,0,1,0,0
99,0,1.0,0,0,1,0.0,1,0,0.0,0,0,0,0,0
100,0,1.0,0,0,1,0.0,1,0,0.0,0,0,0,0,0
101,0,1.0,1,0,0,0.0,1,0,0.0,0,0,0,0,0
102,0,0.0,0,0,1,0.0,1,0,0.0,0,0,1,0,0
103,1,0.0,1,0,1,1.0,1,1,0.0,0,0,1,0,0
104,0,1.0,1,0,0,0.0,0,1,0.0,1,1,1,1,1
105,0,1.0,1,0,1,0.0,0,0,0.0,0,0,0,1,0
106,0,1.0,0,1,0,0.0,0,0,1.0,0,0,1,1,1
107,0,1.0,1,0,1,0.0,1,1,0.0,0,1,1,1,1
108,1,1.0,0,0,1,0.0,0,1,1.0,1,1,1,1,1
109,0,1.0,0,0,1,0.0,0,1,0.0,1,1,0,1,1
110,1,0.0,0,1,1,0.0,1,1,1.0,0,1,0,1,1
111,0,1.0,0,0,1,1.0,1,1,1.0,1,1,1,0,1
112,0,1.0,1,0,0,0.0,1,0,0.0,0,1,0,1,0
113,0,0.0,0,1,1,1.0,1,1,1.0,1,1,0,1,1
114,1,0.0,1,1,1,0.0,0,1,0.0,1,1,1,1,1
115,0,1.0,1,1,1,0.0,0,1,0.0,0,1,0,1,0
116,0,1.0,1,1,1,1.0,1,0,0.0,0,0,0,0,0
117,0,0.0,0,1,0,0.0,0,0,0.0,1,0,0,0,0
118,1,1.0,0,1,1,1.0,1,1,1.0,1,0,1,1,1
119,1,1.0,0,1,1,0.0,1,1,0.0,1,1,1,1,1
120,0,1.0,0,1,1,1.0,1,1,1.0,0,0,1,1,1
121,1,0.0,0,1,1,0.0,1,0,0.0,1,1,1,1,1
122,0,1.0,1,0,1,0.0,0,1,1.0,1,1,0,0,0
123,0,1.0,0,1,1,0.0,0,1,1.0,1,1,0,1,1
124,1,1.0,1,1,1,1.0,1,0,0.0,1,1,1,0,1
125,0,0.0,1,1,1,0.0,1,0,0.0,0,1,0,0,0
126,0,0.0,0,1,1,1.0,1,1,1.0,1,1,1,1,1
127,0,1.0,0,0,1,0.0,0,1,1.0,1,1,1,1,1
128,0,1.0,1,0,1,0.0,0,0,0.0,0,0,0,0,0
129,1,0.0,0,0,1,0.0,0,0,0.0,0,0,0,0,0
130,0,1.0,1,0,1,0.0,1,1,0.0,0,1,0,1,0
131,0,1.0,1,0,1,0.0,0,0,1.0,0,0,1,1,0
132,0,1.0,1,1,1,0.0,1,0,0.0,0,0,0,0,0
133,0,1.0,0,1,1,0.0,1,0,1.0,0,0,0,0,0
134,0,0.0,1,0,1,0.0,0,0,0.0,0,1,0,0,0
135,0,0.0,1,1,1,0.0,1,0,0.0,1,1,0,0,0
136,1,1.0,0,1,0,0.0,0,1,1.0,1,1,0,1,1
137,1,1.0,1,0,1,0.0,1,1,0.0,1,1,1,1,1
138,0,1.0,0,0,0,0.0,0,1,1.0,1,1,0,1,1
139,0,1.0,1,0,1,1.0,1,0,0.0,1,1,0,0,0
140,0,1.0,1,1,1,0.0,0,0,1.0,0,0,0,0,0
141,0,1.0,1,1,1,0.0,1,0,0.0,0,1,0,1,1
142,0,1.0,1,0,1,1.0,0,0,0.0,0,0,0,0,0
143,1,1.0,1,0,1,0.0,0,1,1.0,1,1,0,1,1
144,0,1.0,1,0,1,0.0,1,0,1.0,0,1,0,1,0
145,0,1.0,1,0,1,0.0,0,0,0.0,0,0,0,0,1
146,0,1.0,0,1,1,1.0,1,1,0.0,0,1,1,1,1
147,0,1.0,1,0,1,0.0,0,0,0.0,0,0,0,0,0
148,0,1.0,1,0,1,0.0,1,0,0.0,0,0,0,0,0
149,0,0.0,1,0,1,0.0,0,0,0.0,0,0,1,0,0
150,0,1.0,1,1,1,1.0,0,0,0.0,1,1,0,1,0
151,0,0.0,0,0,1,0.0,1,1,0.0,0,1,0,0,0
152,1,0.0,1,0,1,0.0,1,0,0.0,1,1,0,1,0
153,0,1.0,0,1,1,0.0,1,1,1.0,0,1,1,1,1
154,1,1.0,0,0,1,0.0,1,1,1.0,1,1,1,0,1
155,1,1.0,0,1,1,0.0,1,1,0.0,1,1,1,0,1
156,0,1.0,0,1,1,0.0,0,0,1.0,1,0,0,1,1
157,0,1.0,0,0,1,0.0,1,0,0.0,0,0,1,1,1
158,0,1.0,0,1,1,0.0,1,0,0.0,1,1,1,1,1
159,1,1.0,1,0,1,0.0,0,0,0.0,0,0,1,1,0
160,0,1.0,1,0,0,1.0,0,0,0.0,0,0,0,1,0
161,1,1.0,0,0,1,0.0,1,0,1.0,0,0,1,0,1
162,0,0.0,1,0,1,0.0,0,0,0.0,1,1,0,0,0
163,0,0.0,0,0,1,0.0,1,1,0.0,0,1,0,0,0
164,0,1.0,1,0,1,1.0,0,0,0.0,0,0,1,0,0
165,0,1.0,0,1,1,0.0,0,0,1.0,0,0,0,1,0
167,0,0.0,1,1,1,1.0,1,0,1.0,0,0,1,0,0
168,0,1.0,0,0,1,0.0,1,0,1.0,0,0,0,1,1
169,0,0.0,1,0,0,0.0,0,1,0.0,0,1,0,0,0
170,1,1.0,1,1,1,0.0,0,1,1.0,1,1,1,1,1
171,0,1.0,0,1,1,0.0,1,1,1.0,0,0,0,1,0
172,0,0.0,0,1,1,0.0,0,1,1.0,0,1,0,0,1
173,1,0.0,0,1,1,0.0,1,0,0.0,1,1,0,0,0
174,1,1.0,0,1,1,0.0,1,1,0.0,1,1,1,1,1
175,0,1.0,0,1,1,0.0,0,1,1.0,1,1,1,1,1
176,0,1.0,0,0,1,1.0,0,1,0.0,0,0,1,1,0
177,0,1.0,0,1,0,0.0,1,1,1.0,1,1,1,1,1
178,0,1.0,1,1,1,0.0,0,0,0.0,1,0,1,0,0
179,0,1.0,1,1,1,1.0,1,0,0.0,0,0,1,0,0
180,0,1.0,0,0,1,0.0,1,0,0.0,0,1,0,1,1
181,0,0.0,0,1,1,0.0,1,1,1.0,1,1,1,1,1
182,0,1.0,1,1,1,0.0,1,0,0.0,0,0,1,0,0
183,0,1.0,1,1,1,0.0,1,1,0.0,1,1,0,1,0
184,0,0.0,0,1,1,0.0,1,0,0.0,0,0,0,0,1
185,1,0.0,1,1,0,0.0,0,0,0.0,0,0,1,0,0
186,0,1.0,1,0,1,1.0,0,0,0.0,0,1,0,1,0
187,1,1.0,1,1,1,0.0,0,1,1.0,0,1,1,1,1
188,0,1.0,1,1,1,0.0,1,0,0.0,0,0,1,1,1
189,1,1.0,1,1,1,0.0,1,1,0.0,1,1,1,1,1
190,0,1.0,1,0,0,0.0,0,0,0.0,0,0,0,0,0
191,0,1.0,0,1,1,0.0,0,1,1.0,1,1,1,1,1
193,1,0.0,0,1,1,1.0,0,1,0.0,1,1,1,0,1
194,1,0.0,1,0,1,0.0,1,1,0.0,1,1,0,0,0
195,1,1.0,0,0,1,0.0,1,1,1.0,0,1,1,0,1
196,1,1.0,1,1,1,1.0,1,1,0.0,0,1,1,0,0
197,0,0.0,0,1,1,0.0,1,0,1.0,0,1,0,0,0
198,0,0.0,1,0,1,0.0,0,0,0.0,1,0,0,0,0
199,0,1.0,1,1,1,0.0,1,1,0.0,0,0,0,0,1
200,0,0.0,0,0,1,0.0,1,0,0.0,0,0,0,0,0
201,1,0.0,0,1,1,0.0,0,0,1.0,0,0,0,0,0
202,0,1.0,1,1,0,1.0,0,0,0.0,0,0,1,1,0
203,1,0.0,1,1,1,0.0,0,1,0.0,0,0,0,1,0
204,0,1.0,0,0,1,0.0,0,0,0.0,0,0,0,1,0
205,0,1.0,0,1,1,0.0,1,1,1.0,0,1,1,1,1
206,0,1.0,0,0,1,0.0,1,1,1.0,1,1,1,1,1
207,0,1.0,0,1,0,0.0,1,1,1.0,0,1,0,1,1
208,0,1.0,1,1,1,0.0,0,0,0.0,0,0,0,0,0
209,1,0.0,0,1,1,0.0,0,0,1.0,1,1,0,0,1
210,0,0.0,1,0,1,0.0,0,0,0.0,0,0,0,0,0
211,0,1.0,1,0,1,0.0,0,0,1.0,1,1,0,1,1
212,0,1.0,1,1,1,0.0,1,0,0.0,1,1,0,0,0
213,1,0.0,0,1,1,1.0,0,0,1.0,0,1,1,1,1
214,0,1.0,0,0,1,0.0,0,0,0.0,0,0,1,0,1
215,0,1.0,1,0,0,0.0,1,0,0.0,1,1,0,1,0
216,0,0.0,1,0,1,0.0,0,0,0.0,0,0,0,0,0
217,0,0.0,0,1,1,0.0,1,0,1.0,0,1,0,0,0
218,1,0.0,0,1,1,0.0,0,1,0.0,1,1,1,0,0
219,0,1.0,0,1,1,0.0,1,0,0.0,0,0,0,0,0
220,0,0.0,1,0,1,0.0,1,0,1.0,0,0,0,0,0
221,0,0.0,1,0,1,0.0,1,0,0.0,0,0,0,0,0
222,0,0.0,1,0,0,0.0,0,0,0.0,0,0,0,0,0
223,0,1.0,0,0,1,0.0,0,1,1.0,1,1,1,1,1
224,1,0.0,0,0,1,0.0,0,0,1.0,1,1,1,0,1
225,0,0.0,1,0,1,0.0,0,0,0.0,0,0,0,0,0
226,0,1.0,0,0,1,0.0,0,1,0.0,0,0,0,0,0
227,1,0.0,1,1,1,0.0,0,0,0.0,0,0,1,0,0
228,0,1.0,0,0,1,0.0,1,1,1.0,0,1,1,0,1
229,1,1.0,0,0,1,0.0,1,1,1.0,0,0,1,0,1
230,0,0.0,1,1,0,0.0,1,0,0.0,0,1,0,0,0
231,0,0.0,0,1,1,0.0,1,1,1.0,1,1,0,0,1
232,0,1.0,1,0,0,0.0,1,1,0.0,0,0,1,0,1
233,1,0.0,1,0,1,0.0,1,1,1.0,0,0,1,0,0
234,0,0.0,1,1,1,0.0,0,0,0.0,0,0,1,0,0
235,0,1.0,0,0,1,0.0,1,1,1.0,1,1,1,0,1
236,0,1.0,0,1,1,1.0,1,1,1.0,1,1,0,1,1
237,0,1.0,0,0,1,0.0,1,1,0.0,0,0,0,1,1
238,0,0.0,1,1,1,0.0,0,0,0.0,0,1,0,0,0
239,0,1.0,1,0,1,0.0,0,0,0.0,0,0,0,0,0
240,0,1.0,1,0,1,0.0,0,0,0.0,0,0,0,0,0
241,0,0.0,1,0,1,0.0,0,0,0.0,0,0,0,0,0
242,0,0.0,0,1,1,0.0,0,0,0.0,0,0,0,0,0
243,1,1.0,1,1,1,0.0,0,1,0.0,1,1,1,0,1
244,0,0.0,1,0,0,1.0,0,1,0.0,0,0,0,0,0
245,1,1.0,0,0,1,0.0,0,1,0.0,0,1,0,0,1
246,0,1.0,0,0,1,0.0,0,0,0.0,0,0,1,1,1
247,0,1.0,0,0,1,0.0,1,1,1.0,0,1,1,0,1
248,0,1.0,0,0,1,0.0,0,0,0.0,0,0,1,1,1
249,1,1.0,1,0,1,1.0,1,1,0.0,0,0,0,0,0
250,0,1.0,0,0,1,0.0,0,1,1.0,1,1,0,1,0
251,0,1.0,0,1,1,0.0,0,1,0.0,1,1,1,1,1
252,1,1.0,0,0,1,0.0,0,1,1.0,0,1,1,1,0
253,0,0.0,1,0,1,0.0,1,0,0.0,0,0,0,0,0
254,0,1.0,0,0,1,0.0,0,0,0.0,1,1,0,0,0
255,0,0.0,1,0,1,0.0,0,0,0.0,0,1,0,0,0
256,1,0.0,0,0,1,0.0,0,1,0.0,0,0,1,0,0
257,1,0.0,1,1,0,0.0,1,1,0.0,1,1,0,0,0
258,1,1.0,1,1,1,0.0,1,1,0.0,0,0,0,0,0
259,0,1.0,1,0,1,0.0,0,1,0.0,0,0,0,1,1
260,0,0.0,1,0,1,0.0,0,1,0.0,0,1,1,0,0
261,0,0.0,1,1,1,1.0,1,0,0.0,0,0,1,0,1
262,0,0.0,1,1,1,0.0,0,0,0.0,0,0,0,0,0
263,0,1.0,1,0,1,0.0,0,0,0.0,0,0,0,0,0
264,1,1.0,0,1,0,0.0,1,1,1.0,1,1,1,0,1
265,0,1.0,0,1,1,0.0,0,1,1.0,1,1,0,1,1
267,0,1.0,1,0,1,1.0,0,1,0.0,1,1,1,1,1
268,0,1.0,0,1,1,0.0,0,0,0.0,0,0,0,1,1
269,0,1.0,1,1,0,0.0,0,1,0.0,0,0,0,0,0
270,1,1.0,0,1,1,0.0,1,1,1.0,1,0,1,1,1
271,1,1.0,0,1,1,0.0,1,1,0.0,1,0,0,1,0
272,0,1.0,0,1,1,0.0,0,1,1.0,1,1,1,1,1
273,1,0.0,0,0,0,0.0,0,1,0.0,1,1,0,0,0
274,0,1.0,1,1,1,0.0,0,0,0.0,0,0,1,0,1
275,1,1.0,1,1,1,0.0,1,0,0.0,0,1,0,1,0
276,1,0.0,1,1,1,0.0,1,0,0.0,0,1,1,0,0
277,0,0.0,1,1,1,0.0,0,0,0.0,0,1,0,0,0
278,0,1.0,1,1,1,0.0,1,0,0.0,0,0,1,0,1
279,0,0.0,0,1,0,0.0,0,1,0.0,0,1,0,0,0
280,0,1.0,0,0,1,0.0,0,1,1.0,1,1,1,1,1
281,0,1.0,1,1,1,0.0,0,0,0.0,0,0,0,0,0
282,0,0.0,0,0,1,0.0,1,1,1.0,1,1,1,1,1
283,0,1.0,1,0,0,0.0,0,0,0.0,0,0,0,0,0
284,1,1.0,0,1,1,0.0,0,0,0.0,0,0,1,1,1
285,0,1.0,0,0,1,0.0,1,1,0.0,1,1,1,1,1
286,0,0.0,0,1,1,1.0,1,1,1.0,1,1,1,1,1
288,0,1.0,1,1,1,0.0,1,0,0.0,0,0,0,1,0
289,0,1.0,1,0,1,0.0,0,0,0.0,0,1,0,0,0
290,1,1.0,1,1,1,0.0,1,1,0.0,0,1,0,1,1
291,0,0.0,1,1,1,0.0,0,0,0.0,1,0,0,0,0
292,0,1.0,0,0,0,0.0,0,1,1.0,1,1,0,1,1
293,1,1.0,0,1,0,0.0,1,1,1.0,1,0,1,1,1
294,1,0.0,0,0,0,0.0,0,1,1.0,0,1,0,0,1
295,0,1.0,1,0,0,0.0,0,0,0.0,0,0,0,0,0
296,0,1.0,0,1,0,1.0,1,1,0.0,0,1,1,1,1
297,0,0.0,0,1,1,0.0,0,1,1.0,0,1,0,1,1
298,0,1.0,1,0,1,0.0,0,1,0.0,1,1,0,1,1
299,1,1.0,0,1,0,1.0,0,1,0.0,1,1,1,1,1
300,0,1.0,0,1,0,0.0,0,1,1.0,1,1,1,1,1
301,0,0.0,1,1,1,0.0,1,0,0.0,0,1,1,0,1
